4294967294,0
4294967278,534
4294967279,269
4294967279,268
4294967278,277
4294967278,264
16,9
16,0
4294967278,273
4294967279,259
4294967278,255
4294967294,22
4294967294,17
4294967294,76
4294967294,471
4294967294,472
4294967294,25
4294967294,940
4294967278,254
4294967279,256
4294967278,310
4294967279,315
4294967279,363
25,2
24,2
4294967279,310
4294967278,308
4294967279,309
12,1
12,25
12,0
12,2
4294967279,308
4294967279,307
4294967279,306
4294967278,248
12,12
4294967279,252
4294967278,247
4294967279,249
4294967279,247
4294967279,245
4294967278,243
4294967279,243
4294967278,241
4294967279,242
12,11
4294967279,239
4294967294,67
4294967294,969
4294967294,93
4294967294,95
4294967294,1411
4294967294,43
4294967294,51
4294967294,52
4294967294,470
4294967294,1415
4294967294,26
4294967279,224
4294967279,218
12,24
4294967278,216
4294967279,208
4294967278,207
16,8
4294967278,298
4294967279,360
4294967279,201
4294967279,358
12,23
4294967279,195
4294967279,194
4294967294,7
4294967278,574
4294967279,191
4294967278,190
4294967279,190
4294967278,573
15,4
4294967294,5
4294967279,330
4294967278,572
4294967278,295
23,4
4294967278,179
40,4
8,4
33,4
4294967278,132
4294967278,131
4294967278,130
4294967278,129
4294967278,128
4294967278,127
4294967278,126
4294967278,125
4294967278,124
4294967278,121
4294967278,114
4294967278,113
4294967278,112
4294967278,111
4294967278,105
4294967278,104
4294967278,103
4294967278,102
4294967278,95
4294967278,89
4294967278,87
4294967278,84
4294967278,78
4294967278,77
4294967278,76
4294967278,66
4294967278,64
4294967278,63
4294967278,55
4294967279,75
4294967279,74
4294967279,73
4294967279,72
4294967279,71
4294967279,70
4294967279,69
4294967279,68
4294967279,67
4294967279,66
4294967279,65
4294967279,64
4294967279,63
4294967279,62
4294967279,61
4294967279,60
4294967279,59
4294967279,58
4294967279,57
4294967279,56
4294967279,55
4294967279,54
4294967279,53
4294967279,52
4294967279,51
4294967279,50
4294967279,49
4294967279,48
4294967279,47
4294967279,46
4294967279,45
4294967279,44
4294967279,43
4294967279,42
4294967279,41
4294967279,40
4294967279,39
4294967279,38
4294967279,37
4294967279,36
4294967279,35
4294967279,34
4294967279,33
4294967279,32
4294967279,31
4294967279,30
4294967279,29
4294967279,28
4294967279,27
4294967279,26
4294967279,25
4294967279,24
4294967279,23
4294967279,22
4294967279,21
4294967279,20
4294967279,19
4294967279,18
4294967279,17
4294967279,16
4294967279,15
4294967279,14
4294967279,13
4294967279,12
4294967279,11
4294967279,10
4294967279,9
4294967279,8
4294967279,7
4294967279,6
4294967279,5
4294967279,4
4294967279,382
4294967279,347
4294967278,571
4294967278,570
4294967279,298
12,22
4294967278,293
4294967279,355
4294967279,381
7,4
17,4
12,8
12,7
12,6
12,5
20,4
25,4
24,4
4294967278,165
16,4
4294967278,164
13,4
12,10
12,9
12,4
11,4
14,4
0,5
4294967278,163
4294967294,6
16,7
4294967278,161
4294967278,160
4294967278,159
4294967278,158
4294967278,157
4294967293,131
4294967293,130
4294967293,129
4294967293,128
4294967293,127
4294967293,126
4294967293,125
4294967293,124
4294967293,123
4294967293,122
4294967293,121
4294967293,120
4294967293,119
4294967293,118
4294967293,117
4294967293,116
4294967293,115
4294967293,114
4294967293,113
4294967293,112
4294967293,111
4294967293,110
4294967293,109
4294967293,108
4294967293,107
4294967293,106
4294967293,105
4294967293,104
4294967293,103
4294967293,102
4294967293,101
4294967293,100
4294967293,99
4294967293,98
4294967293,97
4294967293,96
4294967293,95
4294967293,94
4294967293,93
4294967293,92
4294967293,91
4294967293,90
4294967293,89
4294967293,87
4294967293,86
4294967293,85
4294967293,84
4294967293,83
4294967293,82
4294967293,81
4294967293,80
4294967293,79
4294967293,78
4294967293,77
4294967293,76
4294967293,75
4294967293,74
4294967293,73
4294967293,72
4294967293,71
4294967293,70
4294967293,69
4294967293,68
4294967293,67
4294967293,66
4294967293,65
4294967293,64
4294967293,63
4294967293,62
4294967293,61
4294967293,60
4294967293,59
4294967293,58
4294967293,57
4294967293,56
4294967293,55
4294967293,54
4294967293,53
4294967293,52
4294967293,51
4294967293,50
4294967293,49
4294967293,48
4294967293,47
4294967293,46
4294967293,45
4294967293,44
4294967293,43
4294967293,42
4294967293,41
4294967293,40
4294967293,39
4294967293,38
4294967293,37
